10K
threads      throughput    cache_hit   cache_miss   hit_ratio%    evictions   odirect_rd    qlock_ins      qlock_w     batch_sz
1               7761.74        24700            0       100.00         2900            0          .24          .04         1.00
2               9224.92        24502            0       100.00         2816            0          .84          .13         1.01
4              12467.90        18838            0       100.00         1176            0         1.04          .14         1.83
8              13691.89        14277            0       100.00          460            0         2.95          .24         3.83
16             16534.86        11799            0       100.00          212            0         6.57          .25         8.06
32             19787.97         9912            0       100.00          103            0        21.71          .87        16.46
64             23254.82         8378            0       100.00           52            0        26.99         2.24        51.03

50K
threads      throughput    cache_hit   cache_miss   hit_ratio%    evictions   odirect_rd    qlock_ins      qlock_w     batch_sz
1               7275.03       143796          580        99.60       114507          580          .31          .04         1.00
2               8979.26       143585          590        99.59       114332          590          .76          .12         1.01
4              12070.12       116421          342        99.70        86672          342         1.11          .15         1.88
8              13294.05        93826          203        99.78        63814          203         2.98          .17         3.85
16             15445.58        79437          140        99.82        49346          140         6.73          .18         8.00
32             18976.72        63887           65        99.89        33988           65        22.84          .79        16.51
64             22292.53        53689           44        99.91        24420           44        36.14         2.82        54.67

100K
threads      throughput    cache_hit   cache_miss   hit_ratio%    evictions   odirect_rd    qlock_ins      qlock_w     batch_sz
1               8041.68       289090         5313        98.20       271573         5313          .23          .03         1.00
2               9149.60       288572         5213        98.22       270868         5213          .74          .11         1.01
4              11596.55       238593         3725        98.46       217923         3725         1.00          .14         1.87
8              12114.65       198005         2646        98.68       175171         2646         2.48          .23         3.99
16             14097.84       173795         2184        98.76       150037         2184         6.29          .14         8.04
32             17179.84       142400         1383        99.04       117039         1383        21.43          .85        16.47
64             20946.43       119550          928        99.23        93300          928        39.75         2.55        55.14

1M
threads      throughput    cache_hit   cache_miss   hit_ratio%    evictions   odirect_rd    qlock_ins      qlock_w     batch_sz
1               5128.76      2645979       588056        81.82      3835738       588056          .22          .03         1.00
2               6004.18      2624763       587616        81.71      3813591       587616          .31          .08         1.00
4               7002.98      2119985       551225        79.36      3236069       551225          .33          .09         1.99
8               6858.33      1762543       521453        77.16      2819055       521453         2.43          .16         4.30
16              7417.41      1572146       504629        75.70      2594900       504629         5.91          .15         9.09
32              7793.52      1421912       488443        74.43      2412398       488443        17.08          .63        16.57
64              8862.18      1278428       471134        73.07      2234324       471134        33.00         2.59        53.31

10M
threads      throughput    cache_hit   cache_miss   hit_ratio%    evictions   odirect_rd    qlock_ins      qlock_w     batch_sz
1               3747.73     29457481      9772349        75.09     49432699      9772349          .22          .03         1.00
2               4217.75     29460554      9770441        75.10     49432035      9770441          .31          .09         1.00
4               3870.28     23940013      9584746        71.41     43540075      9584746          .38          .07         2.00
8               4717.70     19739114      9441334        67.64     39051849      9441334         1.56          .16         4.01
16              5210.19     16492963      9319935        63.89     35563242      9319935         4.38          .15         9.58
32              5614.07     14024106      9222008        60.33     32898484      9222008        12.52          .27        17.95
64              5879.97     12175106      9139715        57.12     30884934      9139715        33.53         2.49        54.18