10K
threads            1         2         4         8        16        32        64
Run#1           8537     10614     14680     15920     19123     22655     26343
Run#2           8606     10343     14643     15675     19210     22657     25995
Run#3           8230      9837     13965     15433     18603     21781     26343
Average         8458     10264     14429     15676     18979     22364     26227

50K
threads            1         2         4         8        16        32        64
Run#1           7609      9342     12448     13251     15483     19170     22667
Run#2           7904     10900     12558     13165     15075     18959     23062
Run#3           7148     10606     12505     13205     15390     19186     23344
Average         7554     10283     12504     13207     15316     19105     23024

100K
threads            1         2         4         8        16        32        64
Run#1           8660     10077     13831     11972     14144     17532     21221
Run#2           7718      8862     12302     12562     13808     17227     21257
Run#3           7545      9142     12394     12542     13715     17261     20959
Average         7974      9360     12842     12359     13889     17340     21146

1M
threads            1         2         4         8        16        32        64
Run#1           9056      9984     12681     11854     13212     13813     15094
Run#2           9292     10074     12358     12307     12593     13852     16156
Run#3           8107      8414     11464     10918     12082     13681     14965
Average         8818      9491     12168     11693     12629     13782     15405

10M
threads            1         2         4         8        16        32        64
Run#1           6954      7896      9468      9536     10812     11874     13171
Average         6954      7896      9468      9536     10812     11874     13171

