10K
threads            1         2         4         8        16        32        64
Run#1           5006      8268      9495     14853     18953     22355     24466
Run#2           5064      8219      9459     14347     18942     22237     25767
Run#3           5053      8247      9444     14664     19301     22372     25420
Average         5041      8245      9466     14621     19065     22321     25218

100K
threads            1         2         4         8        16        32        64
Run#1           4507      7529      8070     11487     14466     16549     19096
Run#2           4434      7921      8076     12381     14313     16739     19664
Run#3           4493      7680      7812     12219     14224     17025     19770
Average         4478      7710      7986     12029     14334     16771     19510

1M
threads            1         2         4         8        16        32        64
Run#1           4242      7438      7596      9875     11795     12780     14198
Run#2           4287      7350      7267     11487     11784     12991     14858
Average         4265      7394      7431     10681     11789     12885     14528

