100K
threads              1         2         4         8        16        32        64
Run#1             4850      5791      8179     11503     14690     16772     19438
Run#2             4903      5721      7867     11378     14505     16785     19748
Run#3             4827      5728      8026     11285     14440     16634     19580
Average           4860      5747      8024     11389     14545     16730     19589

1M
threads              1         2         4         8        16        32        64
Run#1             4560      5546     10268     10439     12479     13446     14342
Run#2             4255      6955      7908     11648     13173     13456     14876
Run#3             4616      5748      7677     10918     15125     13387     15942
Average           4477      6083      8618     11002     13592     13430     15053

10M
threads              1         2         4         8        16        32        64
Run#1             3784      4899      7323      9701     10918     11411     11716
Run#2             3874      4854      7093     10206     11389     11700     11884
Run#3             3870      5012      7388     10465     10975     11686     11826
Average           3843      4921      7268     10124     11094     11599     11809

