10K
threads            1         2         4         8        16        32        64
Run#1           8170      9844     13066     14547     17476     20977     25069
Run#2           8134     10069     13339     14286     17160     20620     24070
Run#3           8156      9814     13119     13484     17280     20593     24036
Average         8153      9909     13175     14106     17305     20730     24392

50K
threads            1         2         4         8        16        32        64
Run#1           8365      9836     15017     15229     15672     19017     22884
Run#2           7824      9574     12796     13312     15485     19281     23101
Run#3           7931      9314     10986     13282     15396     19032     22573
Average         8040      9575     12933     13941     15518     19110     22853

100K
threads            1         2         4         8        16        32        64
Run#1           7546      9021     11741     12237     14032     16981     20676
Run#2           8324     10355     11138     12084     13999     17280     21051
Run#3           8785      9670     11916     12450     14125     16879     20829
Average         8219      9682     11598     12257     14052     17046     20852

1M
threads            1         2         4         8        16        32        64
Run#1           4993      5915      7013      6896      8176      7772      8685
Run#2           4804      5810      6791      7386      7436      8194      8921
Run#3           5230      5572      6714      6559      7571      7862      8694
Average         5009      5766      6839      6947      7728      7943      8767

