10K
threads            1         2         4         8        16        32        64
Run#1           3248      6488     16898     17273     20019     23399     29757
Run#2           4608      7426     12738     17975     20513     24773     32831
Run#3           3289      6972     10365     18387     20316     22933     29668
Average         3715      6962     13334     17878     20283     23702     30752

100K
threads            1         2         4         8        16        32        64
Run#1           3600      7429     12601     14422     15756     19567     24374
Run#2           3416      7252     12798     14165     16085     18940     23485
Run#3           6540      7506     11785     14402     16191     18538     23873
Average         4518      7395     12394     14330     16011     19015     23911

1M
threads            1         2         4         8        16        32        64
Run#1           3798      7428     11441     12379     12699     13850     16308
Run#2           4228      7300     11061     11853     12648     14578     16436
Average         4013      7364     11251     12116     12674     14214     16372

10M
threads            1         2         4         8        16        32        64
Run#1              0      6414      9865     10249     10222     10799     12095
Average            0      6414      9865     10249     10222     10799     12095

