10K
threads            1         2         4         8        16        32        64
Run#1           6778      9245     11538     13427     15371     18328     20637
Run#2           7132      9266     11843     13350     15672     18137     20066
Run#3           7180      8822     11563     12988     15484     17900     21218
Average         7030      9111     11648     13255     15509     18122     20640

50K
threads            1         2         4         8        16        32        64
Run#1           4588      6103      7990      7830      8887     10686     12667
Run#2           4377      6144      7351      7887      8901     10643     12486
Run#3           4859      6171      7247      7916      8918     10713     12484
Average         4608      6139      7530      7878      8902     10681     12545

100K
threads            1         2         4         8        16        32        64
Run#1           4119      5894      6160      6872      7300      8483     10118
Run#2           4914      5461      6263      6486      6685      8513      9968
Run#3           3840      5835      6485      7051      7354      8445     10195
Average         4291      5730      6303      6803      7113      8480     10094

1M
threads            1         2         4         8        16        32        64
Run#1           3441      4288      4904      5167      5086      5553      6214
Run#2           3611      4340      4706      5058      5455      5651      6286
Run#3           3884      4338      4954      5231      5667      5640      6194
Average         3645      4322      4855      5152      5403      5615      6231

